496 0.000000 0.000000
528 17.100000 0.000000
560 34.200000 0.000000
592 51.300000 0.000000
624 68.400000 0.000000
656 85.500000 0.000000
688 102.600000 0.000000
720 119.700000 0.000000
752 136.800000 0.000000
784 153.900000 0.000000
816 171.000000 0.000000
848 188.100000 0.000000
880 205.200000 0.000000
559 25.650000 14.809034
591 42.750000 14.809034
623 59.850000 14.809034
655 76.950000 14.809034
687 94.050000 14.809034
719 111.150000 14.809034
751 128.250000 14.809034
783 145.350000 14.809034
815 162.450000 14.809034
847 179.550000 14.809034
879 196.650000 14.809034
590 34.200000 29.618069
622 51.300000 29.618069
654 68.400000 29.618069
686 85.500000 29.618069
718 102.600000 29.618069
750 119.700000 29.618069
782 136.800000 29.618069
814 153.900000 29.618069
846 171.000000 29.618069
878 188.100000 29.618069
621 42.750000 44.427103
653 59.850000 44.427103
685 76.950000 44.427103
717 94.050000 44.427103
749 111.150000 44.427103
781 128.250000 44.427103
813 145.350000 44.427103
845 162.450000 44.427103
877 179.550000 44.427103
652 51.300000 59.236138
684 68.400000 59.236138
716 85.500000 59.236138
748 102.600000 59.236138
780 119.700000 59.236138
812 136.800000 59.236138
844 153.900000 59.236138
876 171.000000 59.236138
683 59.850000 74.045172
715 76.950000 74.045172
747 94.050000 74.045172
779 111.150000 74.045172
811 128.250000 74.045172
843 145.350000 74.045172
875 162.450000 74.045172
714 68.400000 88.854206
746 85.500000 88.854206
778 102.600000 88.854206
810 119.700000 88.854206
842 136.800000 88.854206
874 153.900000 88.854206
745 76.950000 103.663241
777 94.050000 103.663241
809 111.150000 103.663241
841 128.250000 103.663241
873 145.350000 103.663241
776 85.500000 118.472275
808 102.600000 118.472275
840 119.700000 118.472275
872 136.800000 118.472275
807 94.050000 133.281310
839 111.150000 133.281310
871 128.250000 133.281310
838 102.600000 148.090344
870 119.700000 148.090344
869 111.150000 162.899378
527 8.550000 14.809034
558 17.100000 29.618069
589 25.650000 44.427103
620 34.200000 59.236138
651 42.750000 74.045172
682 51.300000 88.854206
713 59.850000 103.663241
744 68.400000 118.472275
775 76.950000 133.281310
806 85.500000 148.090344
837 94.050000 162.899378
868 102.600000 177.708413
526 0.000000 29.618069
557 8.550000 44.427103
588 17.100000 59.236138
619 25.650000 74.045172
650 34.200000 88.854206
681 42.750000 103.663241
712 51.300000 118.472275
743 59.850000 133.281310
774 68.400000 148.090344
805 76.950000 162.899378
836 85.500000 177.708413
525 -8.550000 44.427103
556 0.000000 59.236138
587 8.550000 74.045172
618 17.100000 88.854206
649 25.650000 103.663241
680 34.200000 118.472275
711 42.750000 133.281310
742 51.300000 148.090344
773 59.850000 162.899378
804 68.400000 177.708413
524 -17.100000 59.236138
555 -8.550000 74.045172
586 0.000000 88.854206
617 8.550000 103.663241
648 17.100000 118.472275
679 25.650000 133.281310
710 34.200000 148.090344
741 42.750000 162.899378
772 51.300000 177.708413
523 -25.650000 74.045172
554 -17.100000 88.854206
585 -8.550000 103.663241
616 0.000000 118.472275
647 8.550000 133.281310
678 17.100000 148.090344
709 25.650000 162.899378
740 34.200000 177.708413
522 -34.200000 88.854206
553 -25.650000 103.663241
584 -17.100000 118.472275
615 -8.550000 133.281310
646 0.000000 148.090344
677 8.550000 162.899378
708 17.100000 177.708413
521 -42.750000 103.663241
552 -34.200000 118.472275
583 -25.650000 133.281310
614 -17.100000 148.090344
645 -8.550000 162.899378
676 0.000000 177.708413
520 -51.300000 118.472275
551 -42.750000 133.281310
582 -34.200000 148.090344
613 -25.650000 162.899378
644 -17.100000 177.708413
519 -59.850000 133.281310
550 -51.300000 148.090344
581 -42.750000 162.899378
612 -34.200000 177.708413
518 -68.400000 148.090344
549 -59.850000 162.899378
580 -51.300000 177.708413
517 -76.950000 162.899378
548 -68.400000 177.708413
516 -85.500000 177.708413
495 -8.550000 14.809034
494 -17.100000 29.618069
493 -25.650000 44.427103
492 -34.200000 59.236138
491 -42.750000 74.045172
490 -51.300000 88.854206
489 -59.850000 103.663241
488 -68.400000 118.472275
487 -76.950000 133.281310
486 -85.500000 148.090344
485 -94.050000 162.899378
484 -102.600000 177.708413
463 -25.650000 14.809034
462 -34.200000 29.618069
461 -42.750000 44.427103
460 -51.300000 59.236138
459 -59.850000 74.045172
458 -68.400000 88.854206
457 -76.950000 103.663241
456 -85.500000 118.472275
455 -94.050000 133.281310
454 -102.600000 148.090344
453 -111.150000 162.899378
431 -42.750000 14.809034
430 -51.300000 29.618069
429 -59.850000 44.427103
428 -68.400000 59.236138
427 -76.950000 74.045172
426 -85.500000 88.854206
425 -94.050000 103.663241
424 -102.600000 118.472275
423 -111.150000 133.281310
422 -119.700000 148.090344
399 -59.850000 14.809034
398 -68.400000 29.618069
397 -76.950000 44.427103
396 -85.500000 59.236138
395 -94.050000 74.045172
394 -102.600000 88.854206
393 -111.150000 103.663241
392 -119.700000 118.472275
391 -128.250000 133.281310
367 -76.950000 14.809034
366 -85.500000 29.618069
365 -94.050000 44.427103
364 -102.600000 59.236138
363 -111.150000 74.045172
362 -119.700000 88.854206
361 -128.250000 103.663241
360 -136.800000 118.472275
335 -94.050000 14.809034
334 -102.600000 29.618069
333 -111.150000 44.427103
332 -119.700000 59.236138
331 -128.250000 74.045172
330 -136.800000 88.854206
329 -145.350000 103.663241
303 -111.150000 14.809034
302 -119.700000 29.618069
301 -128.250000 44.427103
300 -136.800000 59.236138
299 -145.350000 74.045172
298 -153.900000 88.854206
271 -128.250000 14.809034
270 -136.800000 29.618069
269 -145.350000 44.427103
268 -153.900000 59.236138
267 -162.450000 74.045172
239 -145.350000 14.809034
238 -153.900000 29.618069
237 -162.450000 44.427103
236 -171.000000 59.236138
207 -162.450000 14.809034
206 -171.000000 29.618069
205 -179.550000 44.427103
175 -179.550000 14.809034
174 -188.100000 29.618069
143 -196.650000 14.809034
464 -17.100000 0.000000
432 -34.200000 0.000000
400 -51.300000 0.000000
368 -68.400000 0.000000
336 -85.500000 0.000000
304 -102.600000 0.000000
272 -119.700000 0.000000
240 -136.800000 0.000000
208 -153.900000 0.000000
176 -171.000000 0.000000
144 -188.100000 0.000000
112 -205.200000 0.000000
433 -25.650000 -14.809034
401 -42.750000 -14.809034
369 -59.850000 -14.809034
337 -76.950000 -14.809034
305 -94.050000 -14.809034
273 -111.150000 -14.809034
241 -128.250000 -14.809034
209 -145.350000 -14.809034
177 -162.450000 -14.809034
145 -179.550000 -14.809034
113 -196.650000 -14.809034
402 -34.200000 -29.618069
370 -51.300000 -29.618069
338 -68.400000 -29.618069
306 -85.500000 -29.618069
274 -102.600000 -29.618069
242 -119.700000 -29.618069
210 -136.800000 -29.618069
178 -153.900000 -29.618069
146 -171.000000 -29.618069
114 -188.100000 -29.618069
371 -42.750000 -44.427103
339 -59.850000 -44.427103
307 -76.950000 -44.427103
275 -94.050000 -44.427103
243 -111.150000 -44.427103
211 -128.250000 -44.427103
179 -145.350000 -44.427103
147 -162.450000 -44.427103
115 -179.550000 -44.427103
340 -51.300000 -59.236138
308 -68.400000 -59.236138
276 -85.500000 -59.236138
244 -102.600000 -59.236138
212 -119.700000 -59.236138
180 -136.800000 -59.236138
148 -153.900000 -59.236138
116 -171.000000 -59.236138
309 -59.850000 -74.045172
277 -76.950000 -74.045172
245 -94.050000 -74.045172
213 -111.150000 -74.045172
181 -128.250000 -74.045172
149 -145.350000 -74.045172
117 -162.450000 -74.045172
278 -68.400000 -88.854206
246 -85.500000 -88.854206
214 -102.600000 -88.854206
182 -119.700000 -88.854206
150 -136.800000 -88.854206
118 -153.900000 -88.854206
247 -76.950000 -103.663241
215 -94.050000 -103.663241
183 -111.150000 -103.663241
151 -128.250000 -103.663241
119 -145.350000 -103.663241
216 -85.500000 -118.472275
184 -102.600000 -118.472275
152 -119.700000 -118.472275
120 -136.800000 -118.472275
185 -94.050000 -133.281310
153 -111.150000 -133.281310
121 -128.250000 -133.281310
154 -102.600000 -148.090344
122 -119.700000 -148.090344
123 -111.150000 -162.899378
465 -8.550000 -14.809034
434 -17.100000 -29.618069
403 -25.650000 -44.427103
372 -34.200000 -59.236138
341 -42.750000 -74.045172
310 -51.300000 -88.854206
279 -59.850000 -103.663241
248 -68.400000 -118.472275
217 -76.950000 -133.281310
186 -85.500000 -148.090344
155 -94.050000 -162.899378
124 -102.600000 -177.708413
466 -0.000000 -29.618069
435 -8.550000 -44.427103
404 -17.100000 -59.236138
373 -25.650000 -74.045172
342 -34.200000 -88.854206
311 -42.750000 -103.663241
280 -51.300000 -118.472275
249 -59.850000 -133.281310
218 -68.400000 -148.090344
187 -76.950000 -162.899378
156 -85.500000 -177.708413
467 8.550000 -44.427103
436 -0.000000 -59.236138
405 -8.550000 -74.045172
374 -17.100000 -88.854206
343 -25.650000 -103.663241
312 -34.200000 -118.472275
281 -42.750000 -133.281310
250 -51.300000 -148.090344
219 -59.850000 -162.899378
188 -68.400000 -177.708413
468 17.100000 -59.236138
437 8.550000 -74.045172
406 -0.000000 -88.854206
375 -8.550000 -103.663241
344 -17.100000 -118.472275
313 -25.650000 -133.281310
282 -34.200000 -148.090344
251 -42.750000 -162.899378
220 -51.300000 -177.708413
469 25.650000 -74.045172
438 17.100000 -88.854206
407 8.550000 -103.663241
376 -0.000000 -118.472275
345 -8.550000 -133.281310
314 -17.100000 -148.090344
283 -25.650000 -162.899378
252 -34.200000 -177.708413
470 34.200000 -88.854206
439 25.650000 -103.663241
408 17.100000 -118.472275
377 8.550000 -133.281310
346 -0.000000 -148.090344
315 -8.550000 -162.899378
284 -17.100000 -177.708413
471 42.750000 -103.663241
440 34.200000 -118.472275
409 25.650000 -133.281310
378 17.100000 -148.090344
347 8.550000 -162.899378
316 -0.000000 -177.708413
472 51.300000 -118.472275
441 42.750000 -133.281310
410 34.200000 -148.090344
379 25.650000 -162.899378
348 17.100000 -177.708413
473 59.850000 -133.281310
442 51.300000 -148.090344
411 42.750000 -162.899378
380 34.200000 -177.708413
474 68.400000 -148.090344
443 59.850000 -162.899378
412 51.300000 -177.708413
475 76.950000 -162.899378
444 68.400000 -177.708413
476 85.500000 -177.708413
497 8.550000 -14.809034
498 17.100000 -29.618069
499 25.650000 -44.427103
500 34.200000 -59.236138
501 42.750000 -74.045172
502 51.300000 -88.854206
503 59.850000 -103.663241
504 68.400000 -118.472275
505 76.950000 -133.281310
506 85.500000 -148.090344
507 94.050000 -162.899378
508 102.600000 -177.708413
529 25.650000 -14.809034
530 34.200000 -29.618069
531 42.750000 -44.427103
532 51.300000 -59.236138
533 59.850000 -74.045172
534 68.400000 -88.854206
535 76.950000 -103.663241
536 85.500000 -118.472275
537 94.050000 -133.281310
538 102.600000 -148.090344
539 111.150000 -162.899378
561 42.750000 -14.809034
562 51.300000 -29.618069
563 59.850000 -44.427103
564 68.400000 -59.236138
565 76.950000 -74.045172
566 85.500000 -88.854206
567 94.050000 -103.663241
568 102.600000 -118.472275
569 111.150000 -133.281310
570 119.700000 -148.090344
593 59.850000 -14.809034
594 68.400000 -29.618069
595 76.950000 -44.427103
596 85.500000 -59.236138
597 94.050000 -74.045172
598 102.600000 -88.854206
599 111.150000 -103.663241
600 119.700000 -118.472275
601 128.250000 -133.281310
625 76.950000 -14.809034
626 85.500000 -29.618069
627 94.050000 -44.427103
628 102.600000 -59.236138
629 111.150000 -74.045172
630 119.700000 -88.854206
631 128.250000 -103.663241
632 136.800000 -118.472275
657 94.050000 -14.809034
658 102.600000 -29.618069
659 111.150000 -44.427103
660 119.700000 -59.236138
661 128.250000 -74.045172
662 136.800000 -88.854206
663 145.350000 -103.663241
689 111.150000 -14.809034
690 119.700000 -29.618069
691 128.250000 -44.427103
692 136.800000 -59.236138
693 145.350000 -74.045172
694 153.900000 -88.854206
721 128.250000 -14.809034
722 136.800000 -29.618069
723 145.350000 -44.427103
724 153.900000 -59.236138
725 162.450000 -74.045172
753 145.350000 -14.809034
754 153.900000 -29.618069
755 162.450000 -44.427103
756 171.000000 -59.236138
785 162.450000 -14.809034
786 171.000000 -29.618069
787 179.550000 -44.427103
817 179.550000 -14.809034
818 188.100000 -29.618069
849 196.650000 -14.809034
