2.00000E+01
6.06550E+00
3.67900E+00
2.23100E+00
1.35300E+00
8.21000E-01
5.00000E-01
1.11000E-01
9.11800E-03
5.53000E-03
1.48728E-04
4.80520E-05
2.77000E-05
1.59680E-05
9.87700E-06
4.00000E-06
3.30000E-06
2.60000E-06
2.10000E-06
1.85500E-06
1.50000E-06
1.30000E-06
1.15000E-06
1.09700E-06
1.02000E-06
9.72000E-07
9.50000E-07
8.50000E-07
6.25000E-07
3.50000E-07
2.80000E-07
2.20000E-07
1.80000E-07
1.40000E-07
1.00000E-07
8.00000E-08
5.80000E-08
4.20000E-08
3.00000E-08
1.50000E-08
1.00000E-11