2.00000E+01
6.06550E+00
3.67900E+00
2.23100E+00
1.35300E+00
8.21000E-01
5.00000E-01
3.02500E-01
1.83000E-01
1.11000E-01
6.74300E-02
4.08500E-02
2.47800E-02
1.50300E-02
9.11800E-03
5.53000E-03
3.51910E-03
2.23945E-03
1.42510E-03
9.06898E-04
3.67262E-04
1.48728E-04
7.55014E-05
4.80520E-05
2.77000E-05
1.59680E-05
9.87700E-06
4.00000E-06
3.30000E-06
2.60000E-06
2.10000E-06
1.85500E-06
1.50000E-06
1.30000E-06
1.15000E-06
1.12300E-06
1.09700E-06
1.07100E-06
1.04500E-06
1.02000E-06
9.96000E-07
9.72000E-07
9.50000E-07
9.10000E-07
8.50000E-07
7.80000E-07
6.25000E-07
5.00000E-07
4.00000E-07
3.50000E-07
3.20000E-07
3.00000E-07
2.80000E-07
2.50000E-07
2.20000E-07
1.80000E-07
1.40000E-07
1.00000E-07
8.00000E-08
6.70000E-08
5.80000E-08
5.00000E-08
4.20000E-08
3.50000E-08
3.00000E-08
2.50000E-08
2.00000E-08
1.50000E-08
1.00000E-08
5.00000E-09
1.00000E-11
