2.000000E+01
1.690000E+01
1.490000E+01
1.350000E+01
1.190000E+01
1.000000E+01
7.790000E+00
6.065307E+00
4.720000E+00
3.678794E+00
2.870000E+00
2.231302E+00
1.740000E+00
1.353353E+00
1.190000E+00
1.050000E+00
9.300000E-01
8.208500E-01
7.240000E-01
6.390000E-01
5.630000E-01
4.978707E-01
4.390000E-01
3.880000E-01
3.019738E-01
2.350000E-01
1.831564E-01
1.430000E-01
1.110900E-01
8.650000E-02
6.737947E-02
5.250000E-02
4.086771E-02
3.180000E-02
2.810000E-02
2.610000E-02
2.478752E-02
2.190000E-02
1.930000E-02
1.700000E-02
1.503439E-02
1.330000E-02
1.170000E-02
1.030000E-02
9.118820E-03
8.050000E-03
7.100000E-03
6.270000E-03
5.530844E-03
4.880000E-03
4.310000E-03
3.800000E-03
3.354626E-03
2.960000E-03
2.610000E-03
2.310000E-03
2.034684E-03
1.800000E-03
1.580000E-03
1.400000E-03
1.234098E-03
1.090000E-03
9.610000E-04
7.485183E-04
5.830000E-04
4.539993E-04
3.540000E-04
2.750000E-04
1.670000E-04
1.010000E-04
6.140000E-05
3.730000E-05
2.260329E-05
1.370959E-05
8.315287E-06
5.040000E-06
3.060000E-06
1.120000E-06
4.140000E-07
1.530000E-07
1.000000E-11