2.00000000e+01
1.00000000e+01
8.84917237e+00
7.83078517e+00
6.92959678e+00
6.13211963e+00
5.42641837e+00
4.80193115e+00
4.24931165e+00
3.76028912e+00
3.32754466e+00
2.94460163e+00
2.60572874e+00
2.30585428e+00
2.04049019e+00
1.80566495e+00
1.59786403e+00
1.41397743e+00
1.25125300e+00
1.10725535e+00
9.79829345e-01
8.67067877e-01
7.67283311e-01
6.78982228e-01
6.00843077e-01
5.31696396e-01
4.70507306e-01
4.16360025e-01
3.68444163e-01
3.26042591e-01
2.88520709e-01
2.55316948e-01
2.25934369e-01
1.99933217e-01
1.76924350e-01
1.56563407e-01
1.38545658e-01
1.22601441e-01
1.08492128e-01
9.60065547e-02
8.49578551e-02
7.51806705e-02
6.65286712e-02
5.88723679e-02
5.20971732e-02
4.61016866e-02
4.07961771e-02
3.61012403e-02
3.19466099e-02
2.82701057e-02
2.50167039e-02
2.21377125e-02
1.95900434e-02
1.73355670e-02
1.53405421e-02
1.35751101e-02
1.20128489e-02
1.06303771e-02
9.40700397e-03
8.32441996e-03
7.36642272e-03
6.51867444e-03
5.76848738e-03
5.10463391e-03
4.51717854e-03
3.99732915e-03
3.53730547e-03
3.13022258e-03
2.76998792e-03
2.45121006e-03
2.16911803e-03
1.91948994e-03
1.69858973e-03
1.50311133e-03
1.33012913e-03
1.17705419e-03
1.04159554e-03
9.21725855e-04
8.15651097e-04
7.21783715e-04
6.38718851e-04
5.65213321e-04
5.00167011e-04
4.42606409e-04
3.91670041e-04
3.46595571e-04
3.06708395e-04
2.71411545e-04
2.40176755e-04
2.12536550e-04
1.88077257e-04
1.66432807e-04
1.47279259e-04
1.30329955e-04
1.15331224e-04
1.02058588e-04
9.03134041e-05
7.99198881e-05
7.07224866e-05
6.25835474e-05
5.53812599e-05
4.90078315e-05
4.33678749e-05
3.83769800e-05
3.39604511e-05
3.00521886e-05
2.65936997e-05
2.35332233e-05
2.08249549e-05
1.84283616e-05
1.63075748e-05
1.44308540e-05
1.27701115e-05
1.13004918e-05
1.00000000e-05
5.49280271e-06
3.01708816e-06
1.65722700e-06
9.10282101e-07
5.00000000e-07
1.00000000e-11