1.40000e+01
1.38403e+01
1.16183e+01 
1.00000e+01
8.18731e+00
6.70320e+00
6.06531e+00
5.48812e+00 
4.49329e+00
3.67879e+00
3.01194e+00
2.46597e+00
2.23130e+00 
2.01897e+00
1.65299e+00
1.35335e+00
1.22456e+00
1.10803e+00 
1.00259e+00
9.07180e-01
8.20850e-01
6.08101e-01
5.50232e-01 
4.97871e-01
4.50492e-01
4.07622e-01
3.01974e-01
2.73237e-01 
2.47235e-01
1.83156e-01
1.22773e-01
1.11090e-01
8.22975e-02 
6.73795e-02
5.51656e-02
4.08677e-02
3.69786e-02
2.92830e-02 
2.73944e-02
2.47875e-02
1.66156e-02
1.50344e-02
1.11378e-02 
9.11882e-03
7.46586e-03
5.53084e-03
5.00451e-03
3.52662e-03 
3.35463e-03
2.24867e-03
2.03468e-03
1.50733e-03
1.43382e-03 
1.23410e-03
1.01039e-03
9.14242e-04
7.48518e-04
6.77287e-04 
4.53999e-04
3.71703e-04
3.04325e-04
2.03995e-04
1.48625e-04 
1.36742e-04
9.16609e-05
7.56736e-05
6.79041e-05
5.55951e-05 
5.15780e-05
4.82516e-05
4.55174e-05
4.01690e-05
3.72665e-05 
3.37201e-05
3.05113e-05
2.76077e-05
2.49805e-05
2.26033e-05 
1.94548e-05
1.59283e-05
1.37096e-05
1.12245e-05
9.90555e-06 
9.18981e-06
1.00001e-11

