2.00000e+01
1.00000e+01
8.84917e+00
7.83079e+00
6.92960e+00
6.13212e+00
5.42642e+00
4.80193e+00
4.24931e+00
3.76029e+00
3.32754e+00
2.94460e+00
2.60573e+00
2.30585e+00
2.04049e+00
1.80566e+00
1.59786e+00
1.41398e+00
1.25125e+00
1.10726e+00
9.79829e-01
8.67068e-01
7.67283e-01
6.78982e-01
6.00843e-01
5.31696e-01
4.70507e-01
4.16360e-01
3.68444e-01
3.26043e-01
2.88521e-01
2.55317e-01
2.25934e-01
1.99933e-01
1.76924e-01
1.56563e-01
1.38546e-01
1.22601e-01
1.08492e-01
9.60066e-02
8.49579e-02
7.51807e-02
6.65287e-02
5.88724e-02
5.20972e-02
4.61017e-02
4.07962e-02
3.61012e-02
3.19466e-02
2.82701e-02
2.50167e-02
2.21377e-02
1.95900e-02
1.73356e-02
1.53405e-02
1.35751e-02
1.20128e-02
1.06304e-02
9.40700e-03
8.32442e-03
7.36642e-03
6.51867e-03
5.76849e-03
5.10463e-03
4.51718e-03
3.99733e-03
3.53731e-03
3.13022e-03
2.76999e-03
2.45121e-03
2.16912e-03
1.91949e-03
1.69859e-03
1.50311e-03
1.33013e-03
1.17705e-03
1.04160e-03
9.21726e-04
8.15651e-04
7.21784e-04
6.38719e-04
5.65213e-04
5.00167e-04
4.42606e-04
3.91670e-04
3.46596e-04
3.06708e-04
2.71412e-04
2.40177e-04
2.12537e-04
1.88077e-04
1.66433e-04
1.47279e-04
1.30330e-04
1.15331e-04
1.02059e-04
9.03134e-05
7.99199e-05
7.07225e-05
6.25835e-05
5.53813e-05
4.90078e-05
4.33679e-05
3.83770e-05
3.39605e-05
3.00522e-05
2.65937e-05
2.35332e-05
2.08250e-05
1.84284e-05
1.63076e-05
1.44309e-05
1.27701e-05
1.13005e-05
1.00000e-05
5.49280e-06
3.01709e-06
1.65723e-06
9.10282e-07
5.00000e-07
1.00000e-11
