1 0.0 0.0
1 1.386 0.0
1 2.772 0.0
1 4.1579999999999995 0.0
1 5.544 0.0
2 6.93 0.0
2 8.315999999999999 0.0
2 9.701999999999998 0.0
3 11.088 0.0
6 12.473999999999998 0.0
7 13.859999999999998 0.0
7 15.245999999999999 0.0
7 16.631999999999998 0.0
1 2.0789999999999997 1.200311209645232
1 3.465 1.200311209645232
1 4.850999999999999 1.200311209645232
2 6.236999999999999 1.200311209645232
2 7.622999999999999 1.200311209645232
2 9.008999999999999 1.200311209645232
3 10.394999999999998 1.200311209645232
3 11.780999999999999 1.200311209645232
6 13.166999999999998 1.200311209645232
7 14.552999999999997 1.200311209645232
7 15.938999999999998 1.200311209645232
1 2.772 2.400622419290464
1 4.1579999999999995 2.400622419290464
2 5.544 2.400622419290464
4 6.93 2.400622419290464
2 8.315999999999999 2.400622419290464
3 9.701999999999998 2.400622419290464
3 11.087999999999997 2.400622419290464
6 12.473999999999998 2.400622419290464
7 13.859999999999998 2.400622419290464
7 15.245999999999997 2.400622419290464
1 3.465 3.600933628935696
2 4.850999999999999 3.600933628935696
2 6.236999999999999 3.600933628935696
2 7.622999999999999 3.600933628935696
2 9.009 3.600933628935696
3 10.395 3.600933628935696
3 11.780999999999999 3.600933628935696
6 13.166999999999998 3.600933628935696
7 14.552999999999997 3.600933628935696
2 4.1579999999999995 4.801244838580928
4 5.544 4.801244838580928
2 6.93 4.801244838580928
2 8.315999999999999 4.801244838580928
3 9.702 4.801244838580928
3 11.088 4.801244838580928
6 12.473999999999998 4.801244838580928
7 13.86 4.801244838580928
2 4.851 6.00155604822616
2 6.237 6.00155604822616
2 7.622999999999999 6.00155604822616
3 9.009 6.00155604822616
3 10.395 6.00155604822616
6 11.780999999999999 6.00155604822616
7 13.166999999999998 6.00155604822616
2 5.544 7.201867257871392
3 6.93 7.201867257871392
3 8.315999999999999 7.201867257871392
3 9.701999999999998 7.201867257871392
6 11.088 7.201867257871392
7 12.473999999999998 7.201867257871392
3 6.237 8.402178467516624
3 7.622999999999999 8.402178467516624
3 9.009 8.402178467516624
6 10.395 8.402178467516624
7 11.780999999999999 8.402178467516624
3 6.93 9.602489677161856
6 8.315999999999999 9.602489677161856
6 9.701999999999998 9.602489677161856
7 11.088 9.602489677161856
6 7.622999999999999 10.802800886807088
7 9.008999999999999 10.802800886807088
7 10.395 10.802800886807088
7 8.315999999999999 12.00311209645232
7 9.702 12.00311209645232
7 9.008999999999999 13.203423306097552
1 0.6930000000000001 1.2003112096452317
1 1.3860000000000001 2.4006224192904635
1 2.079 3.600933628935695
1 2.7720000000000002 4.801244838580927
2 3.4650000000000007 6.001556048226159
2 4.158 7.20186725787139
2 4.851 8.402178467516622
3 5.5440000000000005 9.602489677161854
6 6.237000000000001 10.802800886807086
7 6.930000000000001 12.003112096452316
7 7.623000000000001 13.20342330609755
7 8.316 14.40373451574278
1 2.220446049250313e-16 2.4006224192904635
1 0.6930000000000005 3.6009336289356955
1 1.3860000000000001 4.801244838580927
2 2.0790000000000006 6.001556048226159
2 2.7720000000000007 7.201867257871391
2 3.4650000000000003 8.402178467516622
3 4.1579999999999995 9.602489677161854
3 4.851000000000001 10.802800886807086
6 5.5440000000000005 12.003112096452318
7 6.237 13.203423306097548
7 6.9300000000000015 14.403734515742782
1 -0.6929999999999996 3.600933628935696
1 4.440892098500626e-16 4.801244838580927
2 0.6930000000000005 6.001556048226159
4 1.386000000000001 7.201867257871391
2 2.0790000000000006 8.402178467516622
3 2.7720000000000002 9.602489677161854
3 3.465 10.802800886807084
6 4.158000000000001 12.003112096452318
7 4.851000000000001 13.203423306097548
7 5.5440000000000005 14.40373451574278
1 -1.3859999999999997 4.801244838580928
2 -0.6930000000000001 6.00155604822616
2 4.440892098500626e-16 7.201867257871392
2 0.6930000000000005 8.402178467516624
2 1.386000000000001 9.602489677161856
3 2.0790000000000006 10.802800886807086
3 2.7720000000000002 12.003112096452318
6 3.4650000000000007 13.20342330609755
7 4.158 14.40373451574278
2 -2.0789999999999993 6.00155604822616
4 -1.3859999999999992 7.201867257871392
2 -0.6929999999999987 8.402178467516624
2 8.881784197001252e-16 9.602489677161854
3 0.6930000000000014 10.802800886807088
3 1.386000000000001 12.003112096452318
6 2.0790000000000015 13.20342330609755
7 2.772000000000002 14.403734515742782
2 -2.7719999999999994 7.201867257871393
2 -2.078999999999999 8.402178467516624
2 -1.3859999999999992 9.602489677161856
3 -0.6929999999999987 10.802800886807088
3 8.881784197001252e-16 12.00311209645232
6 0.6930000000000005 13.203423306097552
7 1.386000000000001 14.403734515742784
2 -3.465 8.402178467516624
3 -2.7719999999999994 9.602489677161856
3 -2.0789999999999997 10.802800886807088
3 -1.3860000000000001 12.00311209645232
6 -0.6929999999999996 13.203423306097552
7 8.881784197001252e-16 14.403734515742784
3 -4.157999999999999 9.602489677161856
3 -3.464999999999999 10.802800886807088
3 -2.7719999999999985 12.00311209645232
6 -2.078999999999999 13.203423306097552
7 -1.3859999999999992 14.403734515742784
3 -4.850999999999998 10.802800886807088
6 -4.157999999999999 12.00311209645232
6 -3.464999999999999 13.203423306097552
7 -2.7719999999999985 14.403734515742784
6 -5.543999999999999 12.00311209645232
7 -4.850999999999999 13.203423306097552
7 -4.157999999999999 14.403734515742784
7 -6.236999999999999 13.203423306097552
7 -5.543999999999999 14.403734515742785
7 -6.93 14.403734515742784
1 -0.6929999999999996 1.200311209645232
1 -1.3859999999999992 2.400622419290464
1 -2.078999999999999 3.600933628935696
1 -2.7719999999999985 4.801244838580928
2 -3.4649999999999985 6.00155604822616
2 -4.157999999999998 7.201867257871392
2 -4.850999999999997 8.402178467516622
3 -5.543999999999997 9.602489677161856
6 -6.2369999999999965 10.802800886807088
7 -6.929999999999996 12.003112096452318
7 -7.622999999999996 13.203423306097552
7 -8.315999999999995 14.403734515742784
1 -2.0789999999999997 1.2003112096452322
1 -2.7719999999999994 2.400622419290464
1 -3.464999999999999 3.600933628935695
2 -4.157999999999999 4.801244838580928
2 -4.850999999999998 6.00155604822616
2 -5.543999999999998 7.201867257871391
3 -6.2369999999999965 8.402178467516622
3 -6.929999999999997 9.602489677161856
6 -7.622999999999997 10.802800886807086
7 -8.315999999999995 12.003112096452318
7 -9.008999999999995 13.203423306097552
1 -3.4649999999999994 1.2003112096452324
1 -4.1579999999999995 2.4006224192904644
2 -4.850999999999999 3.6009336289356964
4 -5.543999999999999 4.801244838580928
2 -6.236999999999998 6.00155604822616
3 -6.929999999999998 7.20186725787139
3 -7.622999999999996 8.402178467516622
6 -8.315999999999997 9.602489677161856
7 -9.008999999999997 10.802800886807086
7 -9.701999999999995 12.003112096452318
1 -4.850999999999999 1.2003112096452329
2 -5.543999999999999 2.400622419290464
2 -6.236999999999998 3.600933628935697
2 -6.929999999999998 4.801244838580929
2 -7.622999999999998 6.001556048226162
3 -8.315999999999997 7.201867257871393
3 -9.008999999999997 8.402178467516624
6 -9.701999999999996 9.602489677161856
7 -10.394999999999996 10.802800886807088
2 -6.236999999999999 1.2003112096452329
4 -6.929999999999999 2.400622419290465
2 -7.622999999999999 3.600933628935697
2 -8.315999999999999 4.801244838580929
3 -9.008999999999999 6.001556048226161
3 -9.701999999999998 7.201867257871393
6 -10.394999999999996 8.402178467516624
7 -11.087999999999997 9.602489677161856
2 -7.622999999999999 1.2003112096452333
2 -8.315999999999999 2.400622419290466
2 -9.008999999999999 3.6009336289356972
3 -9.701999999999998 4.80124483858093
3 -10.394999999999998 6.001556048226162
6 -11.087999999999997 7.201867257871394
7 -11.780999999999997 8.402178467516624
2 -9.008999999999999 1.2003112096452337
3 -9.701999999999998 2.4006224192904657
3 -10.394999999999998 3.6009336289356977
3 -11.087999999999997 4.801244838580928
6 -11.780999999999997 6.001556048226162
7 -12.473999999999997 7.201867257871394
3 -10.395 1.2003112096452346
3 -11.087999999999997 2.4006224192904657
3 -11.780999999999999 3.6009336289356986
6 -12.473999999999997 4.80124483858093
7 -13.166999999999998 6.001556048226162
3 -11.780999999999999 1.2003112096452337
6 -12.473999999999998 2.4006224192904657
6 -13.166999999999998 3.600933628935696
7 -13.859999999999998 4.80124483858093
6 -13.166999999999998 1.2003112096452346
7 -13.86 2.4006224192904657
7 -14.552999999999997 3.6009336289356986
7 -14.552999999999999 1.2003112096452346
7 -15.245999999999999 2.4006224192904666
7 -15.939 1.2003112096452337
1 -1.386 1.6973604636182315e-16
1 -2.772 3.394720927236463e-16
1 -4.1579999999999995 5.092081390854694e-16
1 -5.544 6.789441854472926e-16
2 -6.93 8.486802318091157e-16
2 -8.315999999999999 1.0184162781709388e-15
2 -9.701999999999998 1.1881523245327618e-15
3 -11.088 1.3578883708945852e-15
6 -12.473999999999998 1.5276244172564082e-15
7 -13.859999999999998 1.6973604636182312e-15
7 -15.245999999999999 1.8670965099800546e-15
7 -16.631999999999998 2.0368325563418776e-15
1 -2.0789999999999997 -1.2003112096452317
1 -3.465 -1.2003112096452315
1 -4.850999999999999 -1.2003112096452313
2 -6.236999999999999 -1.2003112096452313
2 -7.622999999999999 -1.200311209645231
2 -9.008999999999999 -1.2003112096452309
3 -10.394999999999998 -1.2003112096452306
3 -11.780999999999999 -1.2003112096452306
6 -13.166999999999998 -1.2003112096452304
7 -14.552999999999997 -1.2003112096452302
7 -15.938999999999998 -1.20031120964523
1 -2.7720000000000002 -2.4006224192904635
1 -4.1579999999999995 -2.4006224192904635
2 -5.544 -2.400622419290463
4 -6.93 -2.400622419290463
2 -8.315999999999999 -2.400622419290463
3 -9.701999999999998 -2.4006224192904626
3 -11.087999999999997 -2.4006224192904626
6 -12.473999999999998 -2.4006224192904626
7 -13.859999999999998 -2.400622419290462
7 -15.245999999999997 -2.400622419290462
1 -3.4650000000000003 -3.6009336289356955
2 -4.850999999999999 -3.6009336289356955
2 -6.236999999999999 -3.600933628935695
2 -7.622999999999999 -3.600933628935695
2 -9.009 -3.600933628935695
3 -10.395 -3.6009336289356946
3 -11.780999999999999 -3.6009336289356946
6 -13.166999999999998 -3.600933628935694
7 -14.552999999999997 -3.600933628935694
2 -4.158 -4.801244838580927
4 -5.5440000000000005 -4.801244838580927
2 -6.930000000000001 -4.801244838580927
2 -8.315999999999999 -4.801244838580927
3 -9.702 -4.801244838580927
3 -11.088 -4.801244838580926
6 -12.473999999999998 -4.801244838580926
7 -13.86 -4.801244838580926
2 -4.851000000000001 -6.001556048226159
2 -6.237000000000001 -6.001556048226159
2 -7.623 -6.001556048226159
3 -9.009 -6.001556048226159
3 -10.395 -6.001556048226159
6 -11.780999999999999 -6.001556048226158
7 -13.166999999999998 -6.001556048226158
2 -5.5440000000000005 -7.201867257871391
3 -6.930000000000001 -7.201867257871391
3 -8.315999999999999 -7.201867257871391
3 -9.701999999999998 -7.201867257871391
6 -11.088 -7.20186725787139
7 -12.473999999999998 -7.20186725787139
3 -6.237000000000001 -8.402178467516624
3 -7.623 -8.402178467516622
3 -9.009000000000002 -8.402178467516622
6 -10.395000000000001 -8.402178467516622
7 -11.781 -8.402178467516622
3 -6.930000000000001 -9.602489677161856
6 -8.316 -9.602489677161854
6 -9.702 -9.602489677161854
7 -11.088000000000001 -9.602489677161854
6 -7.623 -10.802800886807086
7 -9.009 -10.802800886807086
7 -10.395000000000001 -10.802800886807086
7 -8.316 -12.003112096452318
7 -9.702000000000002 -12.003112096452318
7 -9.009 -13.20342330609755
1 -0.6930000000000006 -1.2003112096452317
1 -1.3860000000000012 -2.4006224192904635
1 -2.0790000000000015 -3.6009336289356946
1 -2.7720000000000025 -4.801244838580927
2 -3.465000000000003 -6.001556048226158
2 -4.158000000000003 -7.201867257871389
2 -4.8510000000000035 -8.40217846751662
3 -5.544000000000005 -9.602489677161854
6 -6.2370000000000045 -10.802800886807084
7 -6.930000000000005 -12.003112096452316
7 -7.623000000000006 -13.203423306097548
7 -8.316000000000006 -14.403734515742778
1 -8.881784197001252e-16 -2.400622419290464
1 -0.6930000000000016 -3.6009336289356955
1 -1.386000000000002 -4.801244838580927
2 -2.0790000000000024 -6.001556048226159
2 -2.7720000000000034 -7.201867257871391
2 -3.465000000000004 -8.402178467516622
3 -4.158000000000003 -9.602489677161852
3 -4.851000000000004 -10.802800886807084
6 -5.544000000000006 -12.003112096452316
7 -6.237000000000005 -13.203423306097546
7 -6.930000000000007 -14.40373451574278
1 0.6929999999999985 -3.600933628935697
1 -1.7763568394002505e-15 -4.801244838580928
2 -0.6930000000000027 -6.00155604822616
4 -1.3860000000000032 -7.201867257871391
2 -2.0790000000000033 -8.402178467516622
3 -2.772000000000004 -9.602489677161854
3 -3.4650000000000043 -10.802800886807086
6 -4.158000000000005 -12.003112096452318
7 -4.851000000000005 -13.20342330609755
7 -5.544000000000006 -14.40373451574278
1 1.3859999999999981 -4.801244838580929
2 0.6929999999999978 -6.00155604822616
2 -2.6645352591003757e-15 -7.201867257871392
2 -0.6930000000000036 -8.402178467516624
2 -1.386000000000005 -9.602489677161856
3 -2.0790000000000046 -10.802800886807088
3 -2.772000000000005 -12.003112096452318
6 -3.4650000000000056 -13.20342330609755
7 -4.158000000000005 -14.40373451574278
2 2.078999999999998 -6.001556048226161
4 1.385999999999997 -7.201867257871394
2 0.6929999999999965 -8.402178467516624
2 -3.552713678800501e-15 -9.602489677161856
3 -0.693000000000005 -10.802800886807088
3 -1.3860000000000054 -12.00311209645232
6 -2.079000000000005 -13.20342330609755
7 -2.7720000000000065 -14.403734515742782
2 2.7719999999999967 -7.201867257871394
2 2.078999999999996 -8.402178467516626
2 1.3859999999999957 -9.602489677161856
3 0.6929999999999943 -10.80280088680709
3 -5.329070518200751e-15 -12.00311209645232
6 -0.6930000000000058 -13.203423306097552
7 -1.3860000000000063 -14.403734515742784
2 3.4649999999999967 -8.402178467516626
3 2.7719999999999962 -9.602489677161858
3 2.078999999999996 -10.802800886807088
3 1.3859999999999957 -12.00311209645232
6 0.6929999999999943 -13.203423306097553
7 -5.329070518200751e-15 -14.403734515742784
3 4.157999999999996 -9.60248967716186
3 3.4649999999999954 -10.80280088680709
3 2.771999999999994 -12.003112096452323
6 2.0789999999999944 -13.203423306097553
7 1.385999999999994 -14.403734515742784
3 4.8509999999999955 -10.802800886807091
6 4.157999999999996 -12.003112096452321
6 3.4649999999999954 -13.203423306097552
7 2.771999999999994 -14.403734515742787
6 5.543999999999994 -12.003112096452323
7 4.850999999999994 -13.203423306097553
7 4.157999999999993 -14.403734515742787
7 6.236999999999995 -13.203423306097555
7 5.543999999999993 -14.403734515742787
7 6.929999999999994 -14.403734515742787
1 0.6929999999999991 -1.2003112096452324
1 1.3859999999999981 -2.400622419290465
1 2.078999999999997 -3.6009336289356972
1 2.7719999999999962 -4.80124483858093
2 3.4649999999999954 -6.0015560482261625
2 4.157999999999994 -7.2018672578713945
2 4.850999999999993 -8.402178467516626
3 5.5439999999999925 -9.60248967716186
6 6.236999999999991 -10.802800886807091
7 6.92999999999999 -12.003112096452323
7 7.62299999999999 -13.203423306097557
7 8.315999999999988 -14.403734515742789
1 2.078999999999999 -1.2003112096452333
1 2.7719999999999985 -2.400622419290466
1 3.464999999999997 -3.6009336289356977
2 4.157999999999996 -4.8012448385809305
2 4.8509999999999955 -6.001556048226163
2 5.543999999999993 -7.201867257871395
3 6.236999999999992 -8.402178467516626
3 6.929999999999992 -9.60248967716186
6 7.6229999999999905 -10.802800886807091
7 8.31599999999999 -12.003112096452323
7 9.00899999999999 -13.203423306097557
1 3.464999999999999 -1.2003112096452344
1 4.157999999999998 -2.4006224192904666
2 4.850999999999997 -3.6009336289356995
4 5.543999999999997 -4.801244838580932
2 6.236999999999995 -6.001556048226164
3 6.929999999999994 -7.201867257871395
3 7.622999999999992 -8.402178467516627
6 8.315999999999992 -9.602489677161861
7 9.008999999999991 -10.802800886807093
7 9.70199999999999 -12.003112096452325
1 4.850999999999999 -1.2003112096452357
2 5.543999999999998 -2.4006224192904675
2 6.2369999999999965 -3.6009336289357003
2 6.929999999999996 -4.801244838580933
2 7.622999999999996 -6.001556048226166
3 8.315999999999994 -7.201867257871398
3 9.008999999999993 -8.40217846751663
6 9.701999999999991 -9.602489677161861
7 10.39499999999999 -10.802800886807093
2 6.236999999999999 -1.2003112096452364
4 6.929999999999998 -2.400622419290469
2 7.6229999999999976 -3.6009336289357017
2 8.315999999999995 -4.801244838580933
3 9.008999999999997 -6.001556048226167
3 9.701999999999995 -7.201867257871399
6 10.394999999999992 -8.402178467516631
7 11.087999999999994 -9.602489677161865
2 7.622999999999999 -1.2003112096452377
2 8.315999999999999 -2.4006224192904706
2 9.008999999999997 -3.6009336289357026
3 9.701999999999996 -4.801244838580935
3 10.394999999999996 -6.001556048226167
6 11.087999999999994 -7.201867257871399
7 11.780999999999992 -8.402178467516631
2 9.008999999999999 -1.2003112096452386
3 9.701999999999998 -2.4006224192904715
3 10.394999999999996 -3.6009336289357035
3 11.087999999999996 -4.801244838580935
6 11.780999999999995 -6.001556048226169
7 12.473999999999993 -7.201867257871401
3 10.395 -1.20031120964524
3 11.087999999999997 -2.400622419290472
3 11.780999999999997 -3.600933628935705
6 12.473999999999997 -4.801244838580937
7 13.166999999999994 -6.001556048226169
3 11.780999999999999 -1.2003112096452409
6 12.473999999999998 -2.400622419290473
6 13.166999999999998 -3.600933628935704
7 13.859999999999996 -4.801244838580938
6 13.167 -1.2003112096452417
7 13.859999999999998 -2.4006224192904737
7 14.552999999999997 -3.6009336289357066
7 14.552999999999999 -1.2003112096452426
7 15.245999999999999 -2.4006224192904755
7 15.938999999999998 -1.2003112096452435