lat core  3 0.0 0.0 32 32 1.386
0 0 0 0 0 0 0 0 0 0 0 0 0 0 0 0 0 0 0 0 0 0 0 0 0 0 0 0 0 0 0 0
0 0 0 0 0 0 0 0 0 0 0 0 0 0 0 0 0 0 0 0 0 0 0 0 0 0 0 0 0 0 0 0
0 0 0 0 0 0 0 0 0 0 0 0 0 0 0 0 0 0 0 0 0 0 0 0 0 0 0 0 0 0 0 0
0 0 0 0 0 0 0 0 0 0 0 0 0 0 0 7 7 7 7 7 7 7 7 7 7 7 7 7 0 0 0 0
0 0 0 0 0 0 0 0 0 0 0 0 0 0 7 7 7 7 6 6 6 6 6 6 7 7 7 7 0 0 0 0
0 0 0 0 0 0 0 0 0 0 0 0 0 7 7 7 6 6 3 3 3 3 3 6 6 7 7 7 0 0 0 0
0 0 0 0 0 0 0 0 0 0 0 0 7 7 6 6 3 3 3 3 3 3 3 3 6 6 7 7 0 0 0 0
0 0 0 0 0 0 0 0 0 0 0 7 6 6 3 3 3 3 2 2 2 3 3 3 3 6 6 7 0 0 0 0
0 0 0 0 0 0 0 0 0 0 7 6 3 3 3 2 2 2 2 2 2 2 2 3 3 3 6 7 0 0 0 0
0 0 0 0 0 0 0 0 0 7 6 3 3 3 2 2 2 4 2 4 2 2 2 3 3 3 6 7 0 0 0 0
0 0 0 0 0 0 0 0 7 6 3 3 2 2 2 2 2 2 2 2 2 2 2 2 3 3 6 7 0 0 0 0
0 0 0 0 0 0 0 7 6 3 3 2 2 4 2 1 1 1 1 1 2 4 2 2 3 3 6 7 0 0 0 0
0 0 0 0 0 0 7 6 3 3 2 2 2 2 1 1 1 1 1 1 2 2 2 2 3 3 6 7 0 0 0 0
0 0 0 0 0 7 7 6 3 3 2 4 2 1 1 1 1 1 1 1 2 4 2 3 3 6 7 7 0 0 0 0
0 0 0 0 7 7 6 3 3 2 2 2 1 1 1 1 1 1 1 1 2 2 2 3 3 6 7 7 0 0 0 0
0 0 0 7 7 7 6 3 2 2 2 1 1 1 1 1 1 1 1 1 2 2 2 3 6 7 7 7 0 0 0 0
0 0 0 7 7 6 3 3 2 2 2 1 1 1 1 1 1 1 1 2 2 2 3 3 6 7 7 0 0 0 0 0
0 0 0 7 7 6 3 3 2 4 2 1 1 1 1 1 1 1 2 4 2 3 3 6 7 7 0 0 0 0 0 0
0 0 0 7 6 3 3 2 2 2 2 1 1 1 1 1 1 2 2 2 2 3 3 6 7 0 0 0 0 0 0 0
0 0 0 7 6 3 3 2 2 4 2 1 1 1 1 1 2 4 2 2 3 3 6 7 0 0 0 0 0 0 0 0
0 0 0 7 6 3 3 2 2 2 2 2 2 2 2 2 2 2 2 3 3 6 7 0 0 0 0 0 0 0 0 0
0 0 0 7 6 3 3 3 2 2 2 4 2 4 2 2 2 3 3 3 6 7 0 0 0 0 0 0 0 0 0 0
0 0 0 7 6 3 3 3 2 2 2 2 2 2 2 2 3 3 3 6 7 0 0 0 0 0 0 0 0 0 0 0
0 0 0 7 6 6 3 3 3 3 2 2 2 3 3 3 3 6 6 7 0 0 0 0 0 0 0 0 0 0 0 0
0 0 0 7 7 6 6 3 3 3 3 3 3 3 3 6 6 7 7 0 0 0 0 0 0 0 0 0 0 0 0 0
0 0 0 7 7 7 6 6 3 3 3 3 3 6 6 7 7 7 0 0 0 0 0 0 0 0 0 0 0 0 0 0
0 0 0 7 7 7 7 6 6 6 6 6 6 7 7 7 7 0 0 0 0 0 0 0 0 0 0 0 0 0 0 0
0 0 0 7 7 7 7 7 7 7 7 7 7 7 7 7 0 0 0 0 0 0 0 0 0 0 0 0 0 0 0 0
0 0 0 0 0 0 0 0 0 0 0 0 0 0 0 0 0 0 0 0 0 0 0 0 0 0 0 0 0 0 0 0
0 0 0 0 0 0 0 0 0 0 0 0 0 0 0 0 0 0 0 0 0 0 0 0 0 0 0 0 0 0 0 0
0 0 0 0 0 0 0 0 0 0 0 0 0 0 0 0 0 0 0 0 0 0 0 0 0 0 0 0 0 0 0 0
0 0 0 0 0 0 0 0 0 0 0 0 0 0 0 0 0 0 0 0 0 0 0 0 0 0 0 0 0 0 0 0
